0.0
0.0
0.0
0.0
0.0
0.0
0.0
0.0
2.0
44.0
127.0
205.0
169.0
146.0
152.0
109.0
47.0
1.0
0.0
0.0
0.0
0.0
0.0
0.0
0.0
0.0
0.0
0.0
0.0
0.0
0.0
0.0
15.0
44.0
67.0
88.0
88.0
87.0
67.0
51.0
26.0
3.0
0.0
0.0
0.0
0.0
0.0
0.0
0.0
0.0
0.0
0.0
0.0
0.0
0.0
2.0
15.0
24.0
59.0
50.0
64.0
363.0
291.0
174.0
66.0
0.0
0.0
0.0
0.0
0.0
0.0
0.0
0.0
0.0
0.0
0.0
0.0
0.0
0.0
9.0
141.0
271.0
385.0
451.0
455.0
423.0
349.0
221.0
87.0
0.0
0.0
0.0
0.0
0.0
0.0
0.0
0.0
0.0
0.0
0.0
0.0
0.0
6.0
125.0
230.0
512.0
674.0
514.0
323.0
364.0
193.0
129.0
114.0
116.0
8.0
0.0
0.0
0.0
0.0
0.0
0.0
0.0
0.0
0.0
0.0
0.0
0.0
3.0
60.0
72.0
93.0
134.0
198.0
239.0
239.0
228.0
112.0
5.0
0.0
0.0
0.0
0.0
0.0
0.0
0.0
0.0
0.0
0.0
0.0
0.0
3.0
128.0
296.0
457.0
579.0
655.0
679.0
649.0
559.0
427.0
261.0
95.0
0.0
0.0
0.0
0.0
0.0
0.0
0.0
0.0
0.0
0.0
0.0
0.0
3.0
136.0
313.0
476.0
607.0
688.0
707.0
672.0
584.0
448.0
278.0
105.0
1.0
0.0
0.0
0.0
0.0
0.0
0.0
0.0
0.0
0.0
0.0
0.0
51.0
185.0
342.0
487.0
592.0
669.0
715.0
694.0
623.0
500.0
368.0
197.0
65.0
0.0
0.0
0.0
0.0
0.0
0.0
0.0
0.0
0.0
0.0
56.0
196.0
370.0
543.0
697.0
822.0
903.0
939.0
925.0
860.0
749.0
602.0
432.0
255.0
96.0
1.0
0.0
0.0
0.0
0.0
859.1
