0.0
0.0
0.0
0.0
0.0
0.0
0.0
0.0
98.0
179.0
139.0
190.0
140.0
121.0
69.0
53.0
12.0
0.0
0.0
0.0
0.0
0.0
0.0
0.0
0.0
0.0
0.0
0.0
0.0
0.0
0.0
0.0
82.0
209.0
237.0
275.0
276.0
251.0
188.0
100.0
0.0
0.0
0.0
0.0
0.0
0.0
0.0
0.0
0.0
0.0
0.0
0.0
0.0
0.0
0.0
0.0
46.0
92.0
80.0
85.0
142.0
100.0
65.0
36.0
0.0
0.0
0.0
0.0
0.0
0.0
0.0
0.0
0.0
0.0
0.0
0.0
0.0
0.0
46.0
159.0
106.0
263.0
194.0
223.0
204.0
98.0
109.0
135.0
89.0
7.0
0.0
0.0
0.0
0.0
0.0
0.0
0.0
0.0
0.0
0.0
0.0
0.0
0.0
45.0
112.0
58.0
223.0
171.0
213.0
181.0
69.0
96.0
0.0
0.0
0.0
0.0
0.0
0.0
0.0
0.0
0.0
0.0
0.0
0.0
0.0
27.0
177.0
396.0
560.0
632.0
616.0
577.0
588.0
665.0
234.0
262.0
331.0
290.0
116.0
0.0
0.0
0.0
0.0
0.0
0.0
0.0
0.0
0.0
0.0
0.0
141.0
336.0
516.0
664.0
756.0
818.0
803.0
756.0
656.0
499.0
316.0
118.0
0.0
0.0
0.0
0.0
0.0
0.0
0.0
0.0
0.0
0.0
0.0
57.0
214.0
388.0
556.0
693.0
692.0
699.0
227.0
707.0
419.0
359.0
251.0
140.0
41.0
0.0
0.0
0.0
0.0
0.0
0.0
0.0
0.0
0.0
0.0
26.0
144.0
297.95
232.0
314.0
528.0
494.0
714.0
745.0
549.0
479.0
358.0
186.0
56.0
0.0
0.0
0.0
0.0
0.0
0.0
0.0
0.0
0.0
0.0
86.0
253.0
446.0
509.0
758.0
860.0
937.0
967.0
918.0
824.0
692.0
384.0
333.0
97.0
0.0
0.0
0.0
0.0
0.0
0.0
1030.7
