0.0
0.0
0.0
0.0
0.0
0.0
0.0
0.0
81.0
195.0
138.0
131.0
133.0
68.0
260.0
125.0
17.0
0.0
0.0
0.0
0.0
0.0
0.0
0.0
0.0
0.0
0.0
0.0
0.0
0.0
0.0
0.0
82.0
209.0
237.0
275.0
276.0
251.0
188.0
100.0
0.0
0.0
0.0
0.0
0.0
0.0
0.0
0.0
0.0
0.0
0.0
0.0
0.0
0.0
0.0
0.0
46.0
92.0
80.0
85.0
142.0
100.0
65.0
36.0
0.0
0.0
0.0
0.0
0.0
0.0
0.0
0.0
0.0
0.0
0.0
0.0
0.0
0.0
0.0
0.0
24.0
98.0
106.0
123.0
118.0
95.0
72.0
29.0
0.0
0.0
0.0
0.0
0.0
0.0
0.0
0.0
0.0
0.0
0.0
0.0
0.0
0.0
0.0
51.0
101.0
87.0
162.0
281.0
417.0
421.0
307.0
152.0
0.0
0.0
0.0
0.0
0.0
0.0
0.0
0.0
0.0
0.0
0.0
0.0
0.0
0.0
0.0
119.0
298.0
453.0
568.0
638.0
614.0
590.0
488.0
344.0
168.0
0.0
0.0
0.0
0.0
0.0
0.0
0.0
0.0
0.0
0.0
0.0
0.0
0.0
0.0
45.0
112.0
58.0
223.0
171.0
213.0
181.0
69.0
96.0
0.0
0.0
0.0
0.0
0.0
0.0
0.0
0.0
0.0
0.0
0.0
0.0
0.0
1.0
152.0
348.0
524.0
686.0
795.0
849.0
837.0
777.0
645.0
518.0
326.0
118.0
0.0
0.0
0.0
0.0
0.0
0.0
0.0
0.0
0.0
0.0
0.0
0.0
141.0
336.0
516.0
664.0
756.0
818.0
803.0
756.0
656.0
499.0
316.0
118.0
0.0
0.0
0.0
0.0
0.0
0.0
0.0
0.0
0.0
0.0
2.0
14.0
42.0
57.0
59.0
84.0
166.0
238.0
269.0
637.0
715.0
601.0
481.0
28.0
128.0
0.0
0.0
0.0
0.0
0.0
0.0
0.0
0.0
0.0
0.0
26.0
144.0
297.95
232.0
314.0
528.0
494.0
714.0
745.0
549.0
479.0
358.0
186.0
56.0
0.0
0.0
0.0
0.0
0.0
0.0
0.0
0.0
0.0
0.0
86.0
253.0
446.0
509.0
758.0
860.0
937.0
967.0
918.0
824.0
692.0
384.0
333.0
97.0
0.0
0.0
0.0
0.0
0.0
0.0
1030.7
