1.83
1.59
1.34
1.36
1.38
1.39
1.92
2.44
2.96
3.6
4.24
4.87
5.44
6.0
6.57
6.14
5.71
5.29
5.05
4.81
4.56
4.58
4.6
4.62
-0.13
0.22
0.56
0.49
0.41
0.33
1.25
2.17
3.09
4.8
6.51
8.22
8.54
8.86
9.18
7.28
5.39
3.5
2.77
2.04
1.3
1.13
0.96
0.79
-1.36
-1.85
-2.33
-2.39
-2.45
-2.51
-2.21
-1.91
-1.61
-1.37
-1.12
-0.87
-0.72
-0.57
-0.41
-0.88
-1.35
-1.82
-2.19
-2.56
-2.93
-3.2
-3.47
-3.74
12.92
13.01
13.09
13.24
13.39
13.53
13.71
13.89
14.07
14.29
14.52
14.74
14.61
14.47
14.34
13.76
13.17
12.59
12.1
11.6
11.11
11.07
11.02
10.98
14.02
13.76
13.5
13.41
13.32
13.22
14.29
15.37
16.44
16.82
17.21
17.59
17.92
18.25
18.58
17.38
16.18
14.98
14.29
13.6
12.91
12.42
11.93
11.44
10.24
9.31
8.37
9.06
9.74
10.42
11.83
13.24
14.64
15.22
15.81
16.39
17.07
17.75
18.43
17.72
17.01
16.29
14.75
13.21
11.67
11.07
10.47
9.88
11.66
11.04
10.41
10.2
9.98
9.76
12.46
15.15
17.84
19.16
20.48
21.8
22.26
22.72
23.17
21.98
20.78
19.59
18.24
16.89
15.54
15.05
14.57
14.08
17.82
16.73
15.64
15.69
15.75
15.8
16.71
17.62
18.53
19.37
20.21
21.05
21.19
21.33
21.47
20.76
20.04
19.33
18.49
17.66
16.83
16.59
16.35
16.11
19.69
19.15
18.61
18.89
19.16
19.44
21.01
22.57
24.14
25.18
26.23
27.27
27.58
27.89
28.19
27.54
26.88
26.23
24.8
23.38
21.96
22.0
22.04
22.08
20.79
20.35
19.91
20.43
20.94
21.45
23.12
24.79
26.46
26.99
27.52
28.05
29.15
30.26
31.37
30.52
29.67
28.82
27.29
25.76
24.23
23.34
22.44
21.55
-12.551000000000002
39.963
