-1.79
-0.98
-0.18
-0.02
0.14
0.29
0.79
1.28
1.77
2.24
2.71
3.17
3.38
3.59
3.8
3.52
3.24
2.96
2.76
2.56
2.35
2.26
2.16
2.07
-0.13
0.22
0.56
0.49
0.41
0.33
1.25
2.17
3.09
4.8
6.51
8.22
8.54
8.86
9.18
7.28
5.39
3.5
2.77
2.04
1.3
1.13
0.96
0.79
-1.36
-1.85
-2.33
-2.39
-2.45
-2.51
-2.21
-1.91
-1.61
-1.37
-1.12
-0.87
-0.72
-0.57
-0.41
-0.88
-1.35
-1.82
-2.19
-2.56
-2.93
-3.2
-3.47
-3.74
-9.62
-9.6
-9.57
-9.3
-9.02
-8.75
-7.12
-5.5
-3.87
-2.33
-0.78
0.77
0.8
0.83
0.86
0.5
0.14
-0.22
-0.4
-0.58
-0.76
-0.92
-1.09
-1.26
10.09
9.73
9.37
9.01
8.65
8.28
7.92
7.56
14.28
16.23
18.18
20.13
20.15
20.16
20.18
18.68
17.18
15.68
13.9
12.12
10.35
9.56
8.78
8.0
5.62
5.34
5.07
4.79
4.51
4.24
3.96
3.68
10.5
12.32
14.13
15.94
16.34
16.74
17.14
15.39
13.65
11.9
10.47
9.05
7.62
7.14
6.65
6.17
14.02
13.76
13.5
13.41
13.32
13.22
14.29
15.37
16.44
16.82
17.21
17.59
17.92
18.25
18.58
17.38
16.18
14.98
14.29
13.6
12.91
12.42
11.93
11.44
13.6
13.28
12.96
13.02
13.08
13.13
14.9
16.66
18.42
19.39
20.35
21.31
22.08
22.85
23.61
22.44
21.26
20.08
18.86
17.63
16.41
16.03
15.65
15.27
11.66
11.04
10.41
10.2
9.98
9.76
12.46
15.15
17.84
19.16
20.48
21.8
22.26
22.72
23.17
21.98
20.78
19.59
18.24
16.89
15.54
15.05
14.57
14.08
19.72
18.72
17.71
17.71
17.71
17.71
17.76
17.81
17.87
18.4
18.94
19.48
20.12
20.75
21.39
20.47
19.54
18.62
17.61
16.6
15.59
15.62
15.66
15.69
21.659000000000002
21.065
18.61
18.89
19.16
19.44
21.01
22.57
24.14
25.18
26.23
27.27
27.58
27.89
28.19
27.54
26.88
26.23
24.8
23.38
21.96
22.0
22.04
22.08
20.79
20.35
19.91
20.43
20.94
21.45
23.12
24.79
26.46
26.99
27.52
28.05
29.15
30.26
31.37
30.52
29.67
28.82
27.29
25.76
24.23
23.34
22.44
21.55
-12.551000000000002
39.963
