2.9
2.9
2.9
2.9
2.9
2.9
2.9
2.9
3.0
4.0
5.7
7.5
8.2
8.5
8.8
8.7
8.0
7.2
7.1
7.0
7.1
7.0
7.0
7.0
1.4
1.0
0.5
0.3
0.1
0.0
-0.3
-0.4
-0.3
0.0
0.3
0.6
0.7
0.8
0.7
0.5
0.4
0.2
0.2
-0.2
-0.1
0.0
-1.1
-0.4
4.4
4.1
3.8
3.7
3.6
3.5
3.4
3.4
3.9
4.1
4.7
5.0
4.9
7.5
8.8
9.2
8.8
8.0
7.8
7.6
7.4
7.1
6.9
6.7
6.3
5.7
5.1
4.9
4.6
4.4
4.2
4.5
6.5
8.4
10.3
11.8
12.8
13.4
13.6
13.1
12.0
10.7
9.8
8.8
7.9
7.0
6.1
5.1
6.9
6.6
6.2
6.1
5.9
5.8
5.9
7.5
8.9
11.5
13.8
14.7
14.6
14.7
14.0
13.1
12.3
11.7
10.8
10.4
9.9
9.4
9.0
8.5
4.1
4.7
5.2
5.6
5.9
6.1
6.4
6.6
8.0
8.5
9.4
10.2
11.2
12.3
13.1
13.7
13.6
12.7
12.4
12.0
11.6
11.3
10.9
10.5
9.9
9.8
9.8
9.8
9.7
9.7
9.8
11.6
13.9
16.1
18.2
19.9
21.2
22.1
22.6
22.5
21.7
20.4
18.9
18.3
17.7
17.1
16.5
15.9
11.1
10.0
8.8
8.2
7.5
7.1
7.0
8.4
10.2
12.0
13.6
14.9
15.9
16.5
16.7
16.6
15.8
14.5
13.1
12.5
11.8
11.2
10.6
9.9
16.9
15.8
15.2
14.6
14.2
14.1
14.7
16.2
18.0
20.0
21.7
23.3
24.6
25.5
26.1
26.1
25.8
24.8
23.5
22.1
21.1
20.0
19.0
17.9
16.6
15.1
14.3
13.8
13.7
14.3
15.5
17.2
19.1
20.9
22.6
24.1
25.4
26.3
26.9
27.2
27.1
26.5
25.5
24.2
22.7
21.1
19.4
17.7
-8.14
36.190000000000005
