-0.000000000000000000e+00
-0.000000000000000000e+00
-0.000000000000000000e+00
-0.000000000000000000e+00
-0.000000000000000000e+00
-0.000000000000000000e+00
-0.000000000000000000e+00
-0.000000000000000000e+00
9.390317113800000115e+00
3.664686830930001094e+01
5.262229124820001402e+01
7.265402095700000018e+01
7.569281031600000631e+01
9.319975867179998374e+01
1.469559181067999418e+02
1.501360435169000027e+02
2.566524736039999510e+01
1.880587977999999882e+00
-0.000000000000000000e+00
-0.000000000000000000e+00
-0.000000000000000000e+00
-0.000000000000000000e+00
-0.000000000000000000e+00
-0.000000000000000000e+00
-0.000000000000000000e+00
-0.000000000000000000e+00
-0.000000000000000000e+00
-0.000000000000000000e+00
-0.000000000000000000e+00
-0.000000000000000000e+00
-0.000000000000000000e+00
-0.000000000000000000e+00
1.746955278799999345e+00
1.213740633619999798e+01
2.455439447189998958e+01
3.422927873509999586e+01
3.964062123180000441e+01
3.881349907530000110e+01
3.234549152940000027e+01
2.003894493589999826e+01
5.894951301199998994e+00
-0.000000000000000000e+00
-0.000000000000000000e+00
-0.000000000000000000e+00
-0.000000000000000000e+00
-0.000000000000000000e+00
-0.000000000000000000e+00
-0.000000000000000000e+00
-0.000000000000000000e+00
-0.000000000000000000e+00
-0.000000000000000000e+00
-0.000000000000000000e+00
-0.000000000000000000e+00
-0.000000000000000000e+00
-0.000000000000000000e+00
-0.000000000000000000e+00
1.312908874199999021e+00
1.045101937130000103e+01
2.811480670229999390e+01
4.716450545879999368e+01
6.240843253499998866e+01
6.399572223740002386e+01
5.361194071660000304e+01
2.842836824449999256e+01
4.783015120900000916e+00
-0.000000000000000000e+00
-0.000000000000000000e+00
-0.000000000000000000e+00
-0.000000000000000000e+00
-0.000000000000000000e+00
-0.000000000000000000e+00
-0.000000000000000000e+00
-0.000000000000000000e+00
-0.000000000000000000e+00
-0.000000000000000000e+00
-0.000000000000000000e+00
-0.000000000000000000e+00
-0.000000000000000000e+00
3.278093990899998644e+00
2.783402733019999431e+01
5.485719299510000724e+01
7.028170335689999604e+01
8.964357401320000918e+01
8.178932409409999593e+01
8.324516778459998534e+01
2.864650494773999299e+02
4.261071173136998596e+02
4.612839305388000071e+02
4.346271195529000693e+02
1.774745949101999543e+02
2.462222319499999035e+00
-0.000000000000000000e+00
-0.000000000000000000e+00
-0.000000000000000000e+00
-0.000000000000000000e+00
-0.000000000000000000e+00
-0.000000000000000000e+00
-0.000000000000000000e+00
-0.000000000000000000e+00
-0.000000000000000000e+00
-0.000000000000000000e+00
-0.000000000000000000e+00
7.165402844699997331e+00
3.925874090109999059e+01
6.069967311899997497e+01
7.414350287310003296e+01
7.603412107879998416e+01
7.852351735820001011e+01
7.886917661380002187e+01
2.816952638321000109e+02
4.704027794796000421e+02
5.641969354948996624e+02
5.636656069270998159e+02
5.017830554211001299e+02
1.508727226162999671e+02
4.355581915000000248e-01
-0.000000000000000000e+00
-0.000000000000000000e+00
-0.000000000000000000e+00
-0.000000000000000000e+00
-0.000000000000000000e+00
-0.000000000000000000e+00
-0.000000000000000000e+00
-0.000000000000000000e+00
-0.000000000000000000e+00
2.556778233399999767e+00
2.648844447169999938e+01
5.024132322699998809e+01
7.052361616059998539e+01
9.302377706609998143e+01
1.138438844023000058e+02
1.328438985976999902e+02
1.338730690649999815e+02
1.725697033899000132e+02
1.683772694355999420e+02
1.600205464384000038e+02
2.777205601636000551e+02
2.505535767476999638e+02
1.690911801771999876e+02
7.874208294800004282e+00
-0.000000000000000000e+00
-0.000000000000000000e+00
-0.000000000000000000e+00
-0.000000000000000000e+00
-0.000000000000000000e+00
-0.000000000000000000e+00
-0.000000000000000000e+00
-0.000000000000000000e+00
-0.000000000000000000e+00
2.153778342500001219e+00
1.584718724979999926e+01
4.827151860930000282e+01
6.402087543969999217e+01
5.651120753170000910e+01
7.450332590860000437e+01
1.051540720031999996e+02
1.250756824779999903e+02
1.980759855305000201e+02
3.005297623805000740e+02
4.101507905988999596e+02
4.893998380599000484e+02
4.630760132591998968e+02
2.620385894094999344e+02
1.026405858429999540e+01
-0.000000000000000000e+00
-0.000000000000000000e+00
-0.000000000000000000e+00
-0.000000000000000000e+00
-0.000000000000000000e+00
-0.000000000000000000e+00
-0.000000000000000000e+00
-0.000000000000000000e+00
-0.000000000000000000e+00
-0.000000000000000000e+00
-0.000000000000000000e+00
8.696669701999998336e-01
9.938932932900002015e+00
2.470185966709999903e+01
4.168638368470000444e+01
5.694428494499999260e+01
6.847463446640000484e+01
7.387388963929998908e+01
6.798339120049999451e+01
4.469390122059999015e+01
9.722398214500000080e+00
-0.000000000000000000e+00
-0.000000000000000000e+00
-0.000000000000000000e+00
-0.000000000000000000e+00
-0.000000000000000000e+00
-0.000000000000000000e+00
-0.000000000000000000e+00
-0.000000000000000000e+00
-0.000000000000000000e+00
-0.000000000000000000e+00
-0.000000000000000000e+00
-0.000000000000000000e+00
-0.000000000000000000e+00
-0.000000000000000000e+00
8.193144919100001644e+00
3.920822786630000678e+01
4.574559864710000312e+01
4.875797081439999658e+01
5.631168374330002280e+01
4.709341263389998034e+01
2.210030683752999607e+02
4.298035573704000853e+02
5.264932401012002856e+02
4.477934988310000222e+02
1.688061238625001295e+02
2.451271097299999813e+00
-0.000000000000000000e+00
-0.000000000000000000e+00
-0.000000000000000000e+00
-0.000000000000000000e+00
-0.000000000000000000e+00
-0.000000000000000000e+00
-0.000000000000000000e+00
-0.000000000000000000e+00
-0.000000000000000000e+00
-0.000000000000000000e+00
9.941689927499998802e+00
3.655946596840000495e+01
5.012766330000001602e+01
5.791974811060000405e+01
6.709146656420001875e+01
9.944019032670000513e+01
1.322116217097000117e+02
1.540471680917000015e+02
2.153593476588999636e+02
2.047536773070000322e+02
1.671699455112999715e+02
1.125390948605000290e+02
5.715987866179998633e+01
1.912544824619999773e+01
4.496197909700001105e+00
-0.000000000000000000e+00
-0.000000000000000000e+00
-0.000000000000000000e+00
-0.000000000000000000e+00
-0.000000000000000000e+00
5.641969354948996624e+02
