-0.000000000000000000e+00
-0.000000000000000000e+00
-0.000000000000000000e+00
-0.000000000000000000e+00
-0.000000000000000000e+00
-0.000000000000000000e+00
-0.000000000000000000e+00
-0.000000000000000000e+00
3.899368200899999248e+00
2.463642039519999472e+01
5.084435193099998429e+01
7.184889649839999493e+01
9.473440905200001794e+01
1.509841627414999436e+02
2.721298766393999813e+02
3.214985318084999335e+02
1.324405657921000454e+02
2.427644897000000412e+00
-0.000000000000000000e+00
-0.000000000000000000e+00
-0.000000000000000000e+00
-0.000000000000000000e+00
-0.000000000000000000e+00
-0.000000000000000000e+00
-0.000000000000000000e+00
-0.000000000000000000e+00
-0.000000000000000000e+00
-0.000000000000000000e+00
-0.000000000000000000e+00
-0.000000000000000000e+00
-0.000000000000000000e+00
-0.000000000000000000e+00
1.746955278799999345e+00
1.213740633619999798e+01
2.455439447189998958e+01
3.422927873509999586e+01
3.964062123180000441e+01
3.881349907530000110e+01
3.234549152940000027e+01
2.003894493589999826e+01
5.894951301199998994e+00
-0.000000000000000000e+00
-0.000000000000000000e+00
-0.000000000000000000e+00
-0.000000000000000000e+00
-0.000000000000000000e+00
-0.000000000000000000e+00
-0.000000000000000000e+00
-0.000000000000000000e+00
-0.000000000000000000e+00
-0.000000000000000000e+00
-0.000000000000000000e+00
-0.000000000000000000e+00
-0.000000000000000000e+00
-0.000000000000000000e+00
-0.000000000000000000e+00
1.312908874199999021e+00
1.045101937130000103e+01
2.811480670229999390e+01
4.716450545879999368e+01
6.240843253499998866e+01
6.399572223740002386e+01
5.361194071660000304e+01
2.842836824449999256e+01
4.783015120900000916e+00
-0.000000000000000000e+00
-0.000000000000000000e+00
-0.000000000000000000e+00
-0.000000000000000000e+00
-0.000000000000000000e+00
-0.000000000000000000e+00
-0.000000000000000000e+00
-0.000000000000000000e+00
-0.000000000000000000e+00
-0.000000000000000000e+00
-0.000000000000000000e+00
-0.000000000000000000e+00
-0.000000000000000000e+00
-0.000000000000000000e+00
1.060141440510000344e+01
4.210385377360002224e+01
4.740548919410001361e+01
5.050881451340000439e+01
5.214720598649998351e+01
5.354128264080000577e+01
2.263162388691000046e+02
4.143012728199999515e+02
4.632733378675000608e+02
4.600146404785000414e+02
1.946840895844000272e+02
3.732134877399999606e+00
-0.000000000000000000e+00
-0.000000000000000000e+00
-0.000000000000000000e+00
-0.000000000000000000e+00
-0.000000000000000000e+00
-0.000000000000000000e+00
-0.000000000000000000e+00
-0.000000000000000000e+00
-0.000000000000000000e+00
-0.000000000000000000e+00
-0.000000000000000000e+00
-0.000000000000000000e+00
-0.000000000000000000e+00
3.420578413200000334e+00
2.332625268849999856e+01
4.658475363130000346e+01
5.622564156300000349e+01
5.858136173880001962e+01
1.865753133987000467e+02
3.039753702499000383e+02
2.898922386086999836e+02
6.477828514190001385e+01
-0.000000000000000000e+00
-0.000000000000000000e+00
-0.000000000000000000e+00
-0.000000000000000000e+00
-0.000000000000000000e+00
-0.000000000000000000e+00
-0.000000000000000000e+00
-0.000000000000000000e+00
-0.000000000000000000e+00
-0.000000000000000000e+00
-0.000000000000000000e+00
-0.000000000000000000e+00
-0.000000000000000000e+00
-0.000000000000000000e+00
-0.000000000000000000e+00
3.405141271700000694e+00
1.685970577120000158e+01
3.227776019959998166e+01
3.830744414160000133e+01
3.456134469369999351e+01
3.306338670030000060e+01
2.584739061859999509e+01
1.433751493199999949e+01
2.681491104800000080e+00
-0.000000000000000000e+00
-0.000000000000000000e+00
-0.000000000000000000e+00
-0.000000000000000000e+00
-0.000000000000000000e+00
-0.000000000000000000e+00
-0.000000000000000000e+00
-0.000000000000000000e+00
-0.000000000000000000e+00
-0.000000000000000000e+00
-0.000000000000000000e+00
-0.000000000000000000e+00
-0.000000000000000000e+00
7.165402844699997331e+00
3.925874090109999059e+01
6.069967311899997497e+01
7.414350287310003296e+01
7.603412107879998416e+01
7.852351735820001011e+01
7.886917661380002187e+01
2.816952638321000109e+02
4.704027794796000421e+02
5.641969354948996624e+02
5.636656069270998159e+02
5.017830554211001299e+02
1.508727226162999671e+02
4.355581915000000248e-01
-0.000000000000000000e+00
-0.000000000000000000e+00
-0.000000000000000000e+00
-0.000000000000000000e+00
-0.000000000000000000e+00
-0.000000000000000000e+00
-0.000000000000000000e+00
-0.000000000000000000e+00
-0.000000000000000000e+00
-0.000000000000000000e+00
1.027271232810000257e+01
3.896272268270001149e+01
4.966699508580000355e+01
5.037737746490000035e+01
5.290786776910001521e+01
5.340860809229999973e+01
6.152690756750001810e+01
2.803011415564998856e+02
5.015475546660999839e+02
6.312554154236001978e+02
6.885991801505999774e+02
5.115551170533998402e+02
1.343482862183000748e+02
4.355771416000000507e-01
-0.000000000000000000e+00
-0.000000000000000000e+00
-0.000000000000000000e+00
-0.000000000000000000e+00
-0.000000000000000000e+00
-0.000000000000000000e+00
-0.000000000000000000e+00
-0.000000000000000000e+00
-0.000000000000000000e+00
2.153778342500001219e+00
1.584718724979999926e+01
4.827151860930000282e+01
6.402087543969999217e+01
5.651120753170000910e+01
7.450332590860000437e+01
1.051540720031999996e+02
1.250756824779999903e+02
1.980759855305000201e+02
3.005297623805000740e+02
4.101507905988999596e+02
4.893998380599000484e+02
4.630760132591998968e+02
2.620385894094999344e+02
1.026405858429999540e+01
-0.000000000000000000e+00
-0.000000000000000000e+00
-0.000000000000000000e+00
-0.000000000000000000e+00
-0.000000000000000000e+00
-0.000000000000000000e+00
-0.000000000000000000e+00
-0.000000000000000000e+00
-0.000000000000000000e+00
7.689071693500000748e+00
3.670711270060000686e+01
5.667408343010000493e+01
6.014344178340000013e+01
6.248327778889998285e+01
7.168761271139999280e+01
1.058140657012000077e+02
1.212371614342000044e+02
2.495350438959999906e+02
3.804990705391999768e+02
5.096422391554000910e+02
4.844161639763000835e+02
3.562400487814000485e+02
1.656795228583000039e+02
3.593240351929998866e+01
1.889074003000000168e+00
-0.000000000000000000e+00
-0.000000000000000000e+00
-0.000000000000000000e+00
-0.000000000000000000e+00
-0.000000000000000000e+00
-0.000000000000000000e+00
-0.000000000000000000e+00
-0.000000000000000000e+00
-0.000000000000000000e+00
-0.000000000000000000e+00
8.193144919100001644e+00
3.920822786630000678e+01
4.574559864710000312e+01
4.875797081439999658e+01
5.631168374330002280e+01
4.709341263389998034e+01
2.210030683752999607e+02
4.298035573704000853e+02
5.264932401012002856e+02
4.477934988310000222e+02
1.688061238625001295e+02
2.451271097299999813e+00
-0.000000000000000000e+00
-0.000000000000000000e+00
-0.000000000000000000e+00
-0.000000000000000000e+00
-0.000000000000000000e+00
-0.000000000000000000e+00
-0.000000000000000000e+00
-0.000000000000000000e+00
-0.000000000000000000e+00
-0.000000000000000000e+00
9.941689927499998802e+00
3.655946596840000495e+01
5.012766330000001602e+01
5.791974811060000405e+01
6.709146656420001875e+01
9.944019032670000513e+01
1.322116217097000117e+02
1.540471680917000015e+02
2.153593476588999636e+02
2.047536773070000322e+02
1.671699455112999715e+02
1.125390948605000290e+02
5.715987866179998633e+01
1.912544824619999773e+01
4.496197909700001105e+00
-0.000000000000000000e+00
-0.000000000000000000e+00
-0.000000000000000000e+00
-0.000000000000000000e+00
-0.000000000000000000e+00
6.885991801505999774e+02
